EPOCH [ 1] :18  9 24 16 21 25  6 27 38  5 23 31  2 12 28  1 39 37 17 20 26 11 34 29 19 33  4 40  3 15  8 32 13 36  7 10 35 14 30 22 18 | 854 
EPOCH [ 2] :28 24 16 21 11 25  6 27 37  7 38 10 36 34 29 13 31 22  9  2  4 40 19  1  3 15 32  8 14 35 17 39  5 23 26 18 30 12 33 20 28 | 703 
EPOCH [ 3] : 3  6 27 37 22 31 13 33  1 19 40  4 25 21 16 15 17  9 38 10  5 11 20 18 28  8 32 30 12  2 39 29 26 23  7 36 34 14 35 24  3 | 634 
EPOCH [ 4] :37 14 35 17 15  3  1 19 30  2  4 40  9 16 21 25  6 27 34 36 10 38  7 22 31 24  8 28 12 11 33 13 32 29 26 23  5 39 20 18 37 | 607 
EPOCH [ 5] :24 40  4  2 30 10 38  7 36 34 29 39  1 19 33 35 14 17  9 27  6 25 21 16 15  3 32  8 28 18 20 11 26 23  5 12 13 31 22 37 24 | 443 
EPOCH [ 6] :37 27  6 25 21 16 24 35 14 19  2  4 40  9 38  7 36 34 29 39  5 23 26 11 12  1 28  8 10 30 32 22 31 13 33  3 15 17 18 20 37 | 348 
EPOCH [ 7] :30  2  4 40  9 17 15  3 32  8 28  1 19 33 13 29 39  5 23 26 11 12 20 18 25  6 27 37 22 31 14 35 24 16 21 10 38  7 36 34 30 | 364 
EPOCH [ 8] :28  1 19  2 30 10 38  7 36 34 29 39  5 23 26 11 12 20 18 15  3 32  8 14 35 24 16 21 25  6 27 37 22 31 13 33  4 40  9 17 28 | 330 
EPOCH [ 9] :19  1 28  8 32 13 33  2 30 10 38  7 36 34 29 39  5 23 26 11 12 20 18 17 15  3  4 40  9 22 31 37 27  6 25 21 16 24 35 14 19 | 333 
EPOCH [10] :21 16 24 35 14  8 32 30 10 38  7 36 34 29 39  5 23 26 11 20 18 22 31 13 33 19  1 28 37 27  6 25  4 40  9 17 15  3  2 12 21 | 310 
EPOCH [11] :31 22 37 27  6 25 21 16 24  9 40  4  2 30 10 38  7 36 34 29 39  5 23 26 11 12 20 18 15  3 32  8 28  1 19 33 35 14 17 13 31 | 324 
EPOCH [12] :26 11 12 20 18 22 31 13 33 35 14  8 28  1 19  2  4 40  9 24 16 21 25  6 27 37 17 15  3 32 30 10 38  7 36 34 29 39  5 23 26 | 317 
EPOCH [13] :28  1 19  2 30 10 38  7 36 34 29 39  5 23 26 11 12 20 18 15  3 32  8 14 35 33 13 31 22 37 27  6 25 21 16 24  9 40  4 17 28 | 320 
EPOCH [14] :13 31 22 37 27  6 25 21 16 24 35 14  8 32  3 15 17  9 40  4  2 30 10 38  7 36 34 29 39  5 23 26 11 12 20 18 28  1 19 33 13 | 301 
EPOCH [15] :26 23  5 39 29 34 36  7 38 10 30  2  4 40  9 22 31 13 33 19  1 28  8 32  3 15 17 37 27  6 25 21 16 24 35 14 11 12 20 18 26 | 329 
EPOCH [16] :25  6 27 37 17 15  3 32  8 28  1 19  2 30 10 38  7 36 34 29 39  5 23 26 11 12 20 18 22 31 13 33 35 14 24 16 21  9 40  4 25 | 316 
EPOCH [17] : 9 40  4  2 30 10 38  7 36 34 29 39  5 23 26 11 12 20 18 15  3 32  8 28  1 19 33 13 31 22 37 27  6 25 21 16 24 35 14 17  9 | 324 
EPOCH [18] : 1 28  8 32  3 15 17  9 40  4  2 19 33 13 31 22 37 27  6 25 21 16 24 35 14 11 26 23  5 39 29 34 36  7 38 10 30 18 20 12  1 | 340 
EPOCH [19] : 3 15 17 14 35 24 16 21 25  6 27 37 22 31 13 33  4 40  9 18 20 12 11 26 23  5 39 29 34 36  7 38 10 30 32  8 28  1 19  2  3 | 331 
EPOCH [20] : 3 15 17 14 35 33 13 31 22 37 27  6 25 21 16 24  9 40  4  2 30 10 38  7 36 34 29 39  5 23 26 11 12 20 18 28  8 32 19  1  3 | 330 
EPOCH [21] : 9 40  4  2 30 10 38  7 36 34 29 39  5 23 26 11 12 20 18 15  3 32  8 28  1 19 33 13 31 22 37 27  6 25 21 16 24 35 14 17  9 | 324 
EPOCH [22] :24 16 21 25  6 27 37 22 31 13 33 19  1 28  8 32 30 10 38  7 36 34 29 39  5 23 26 11 12 20 18 15  3  2  4 40  9 17 14 35 24 | 314 
EPOCH [23] :23 26 11 12 20 18  9 40  4  2 19  1 28  8 32  3 15 17 14 35 33 13 31 22 37 27  6 25 21 16 24 30 10 38  7 36 34 29 39  5 23 | 332 
EPOCH [24] : 8 28  1 19  2  3 15 17 14 35 24 16 21 25  6 27 37 22 31 13 33  4 40  9 18 20 12 11 26 23  5 39 29 34 36  7 38 10 30 32  8 | 331 
EPOCH [25] : 9 40  4  2 19  1 28  8 32  3 15 17 14 35 33 13 31 22 37 27  6 25 21 16 24 30 10 38  7 36 34 29 39  5 23 26 11 12 20 18  9 | 332 
EPOCH [26] : 2 30 10 38  7 36 34 29 39  5 23 26 11 12 20 18 24 35 14 17 15  3 32  8 28  1 19 33 13 31 22 37 27  6 25 21 16  9 40  4  2 | 326 
EPOCH [27] : 6 27 37 22 31 13 33 19  1 28  8 32  3 15 17 14 35 24 16 21 25  4 40  9 18 20 12 11 26 23  5 39 29 34 36  7 38 10 30  2  6 | 338 
EPOCH [28] : 1 28  8 32  3 15 17 14 35 24 16 21 25  6 27 37 22 31 13 33  4 40  9 18 20 12 11 26 23  5 39 29 34 36  7 38 10 30  2 19  1 | 341 
EPOCH [29] : 2  4 40  9 18 20 12 11 26 23  5 39 29 34 36  7 38 10 30 32  8 28  1 19 33 13 31 22 37 27  6 25 21 16 24 35 14 17 15  3  2 | 305 
EPOCH [30] :28  1 19  2  4 40  9 18 20 12 11 26 23  5 39 29 34 36  7 38 10 30 24 16 21 25  6 27 37 22 31 13 33 35 14 17 15  3 32  8 28 | 332 
EPOCH [31] :19  1 28  8 32  3 15 17 14 35 24 16 21 25  4 40  9 18 20 12 11 26 23  5 39 29 34 36  7 38 10 30  2  6 27 37 22 31 13 33 19 | 338 
EPOCH [32] :19  1 28  8 32  3 15 17 14 35 33 13 31 22 37 27  6 25 21 16 24  9 18 20 12 11 26 23  5 39 29 34 36  7 38 10 30  2  4 40 19 | 331 
EPOCH [33] : 2 30 10 38  7 36 34 29 39  5 23 26 11 12 20 18  9 40  4 25 21 16 24 35 14 17 15  3 32  8 28  1 19 33 13 31 22 37 27  6  2 | 338 
EPOCH [34] : 6 25 21 16 24 35 14 17 15  3 32  8 28  1 19  2 30 10 38  7 36 34 29 39  5 23 26 11 12 20 18  9 40  4 33 13 31 22 37 27  6 | 341 
EPOCH [35] :33 35 14 17 15  3 32  8 28  1 19  2  4 40  9 18 20 12 11 26 23  5 39 29 34 36  7 38 10 30 24 16 21 25  6 27 37 22 31 13 33 | 332 
EPOCH [36] :12 11 26 23  5 39 29 34 36  7 38 10 30  2 19  1 28  8 32  3 15 17 14 35 24 16 21 25  6 27 37 22 31 13 33  4 40  9 18 20 12 | 341 
EPOCH [37] : 2 19  1 28  8 32  3 15 17 14 35 24 16 21 25  6 27 37 22 31 13 33  4 40  9 18 20 12 11 26 23  5 39 29 34 36  7 38 10 30  2 | 341 
EPOCH [38] : 6  1 28  8 32  3 15 17 14 35 24 16 21 25  4 40  9 18 20 12 11 26 23  5 39 29 34 36  7 38 10 30  2 19 33 13 31 22 37 27  6 | 325 
EPOCH [39] : 3 15 17 14 35 24 16 21 25  6 27 37 22 31 13 33  4 40  9 18 20 12 11 26 23  5 39 29 34 36  7 38 10 30  2 19  1 28  8 32  3 | 341 
EPOCH [40] : 1 28  8 32  3 15 17 14 35 24 16 21 25  6 27 37 22 31 13 33  4 40  9 18 20 12 11 26 23  5 39 29 34 36  7 38 10 30  2 19  1 | 341 
EPOCH [41] : 2 30 10 38  7 36 34 29 39  5 23 26 11 12 20 18  9 40  4 25 21 16 24 35 14 17 15  3 32  8 28  1 19 33 13 31 22 37 27  6  2 | 338 
EPOCH [42] :17 14 35 24 16 21 25  6 27 37 22 31 13 33 19  1 28  8 32  3 15 18 20 12 11 26 23  5 39 29 34 36  7 38 10 30  2  4 40  9 17 | 324 
EPOCH [43] : 4 40  9 18 20 12 11 26 23  5 39 29 34 36  7 38 10 30  2 19  1 28  8 32  3 15 17 14 35 24 16 21 25  6 27 37 22 31 13 33  4 | 341 
EPOCH [44] : 3 15 17 14 35 24 16 21 25  6 27 37 22 31 13 33  4 40  9 18 20 12 11 26 23  5 39 29 34 36  7 38 10 30  2 19  1 28  8 32  3 | 341 
EPOCH [45] : 2 30 10 38  7 36 34 29 39  5 23 26 11 12 20 18  9 40  4 25 21 16 24 35 14 17 15  3 32  8 28  1  6 27 37 22 31 13 33 19  2 | 325 
EPOCH [46] :32  8 28  1 19  2 30 10 38  7 36 34 29 39  5 23 26 11 12 20 18  9 40  4 25 21 16 24 35 14 17 15  3 33 13 31 22 37 27  6 32 | 335 
EPOCH [47] : 1 19  2 30 10 38  7 36 34 29 39  5 23 26 11 12 20 18  9 40  4 33 13 31 22 37 27  6 25 21 16 24 35 14 17 15  3 32  8 28  1 | 341 
EPOCH [48] :32  8 28  1 19  2 30 10 38  7 36 34 29 39  5 23 26 11 12 20 18  9 40  4 25 21 16 24 35 14 17 15  3 33 13 31 22 37 27  6 32 | 335 
EPOCH [49] : 2 19  1 28  8 32  3 15 17 14 35 24 16 21 25  6 27 37 22 31 13 33  4 40  9 18 20 12 11 26 23  5 39 29 34 36  7 38 10 30  2 | 341 
EPOCH [50] :32  8 28  1 19  2 30 10 38  7 36 34 29 39  5 23 26 11 12 20 18  9 40  4 25 21 16 24 35 14 17 15  3 33 13 31 22 37 27  6 32 | 335 
EPOCH [51] : 4 40  9 18 20 12 11 26 23  5 39 29 34 36  7 38 10 30  2 19  1 28  8 32  3 15 17 14 35 24 16 21 25  6 27 37 22 31 13 33  4 | 341 
EPOCH [52] :32  8 28  1 19  2 30 10 38  7 36 34 29 39  5 23 26 11 12 20 18  9 40  4 25 21 16 24 35 14 17 15  3 33 13 31 22 37 27  6 32 | 335 
EPOCH [53] :32  8 28  1 19  2 30 10 38  7 36 34 29 39  5 23 26 11 12 20 18  9 40  4 25 21 16 24 35 14 17 15  3 33 13 31 22 37 27  6 32 | 335 
EPOCH [54] :20 18  9 40  4 25 21 16 24 35 14 17 15  3  1 28  8 32  6 27 37 22 31 13 33 19  2 30 10 38  7 36 34 29 39  5 23 26 11 12 20 | 318 
EPOCH [55] : 2 30 10 38  7 36 34 29 39  5 23 26 11 12 20 18  9 40  4 25 21 16 24 35 14 17 15  3 32  8 28  1 19 33 13 31 22 37 27  6  2 | 338 
EPOCH [56] : 3 15 17 14 35 24 16 21 25  6 27 37 22 31 13 33  4 40  9 18 20 12 11 26 23  5 39 29 34 36  7 38 10 30  2 19  1 28  8 32  3 | 341 
EPOCH [57] :32  8 28  1 19  2 30 10 38  7 36 34 29 39  5 23 26 11 12 20 18  9 40  4 25 21 16 24 35 14 17 15  3 33 13 31 22 37 27  6 32 | 335 
EPOCH [58] : 1 28  8 32  3 15 17 14 35 24 16 21 25  4 40  9 18 20 12 11 26 23  5 39 29 34 36  7 38 10 30  2 19 33 13 31 22 37 27  6  1 | 325 
EPOCH [59] : 2 30 10 38  7 36 34 29 39  5 23 26 11 12 20 18  9 40  4 25 21 16 24 35 14 17 15  3 32  8 28  1  6 27 37 22 31 13 33 19  2 | 325 
EPOCH [60] : 4 40  9 18 20 12 11 26 23  5 39 29 34 36  7 38 10 30  2 19  1 28  8 32  3 15 17 14 35 24 16 21 25  6 27 37 22 31 13 33  4 | 341 
EPOCH [61] :32  8 28  1 19  2 30 10 38  7 36 34 29 39  5 23 26 11 12 20 18  9 40  4 25 21 16 24 35 14 17 15  3 33 13 31 22 37 27  6 32 | 335 
EPOCH [62] : 3 15 17 14 35 24 16 21 25  6 27 37 22 31 13 33  4 40  9 18 20 12 11 26 23  5 39 29 34 36  7 38 10 30  2 19  1 28  8 32  3 | 341 
EPOCH [63] : 2 30 10 38  7 36 34 29 39  5 23 26 11 12 20 18  9 40  4 25 21 16 24 35 14 17 15  3 32  8 28  1 19 33 13 31 22 37 27  6  2 | 338 
EPOCH [64] :32  8 28  1 19  2 30 10 38  7 36 34 29 39  5 23 26 11 12 20 18  9 40  4 25 21 16 24 35 14 17 15  3 33 13 31 22 37 27  6 32 | 335 
EPOCH [65] :32  8 28  1 19  2 30 10 38  7 36 34 29 39  5 23 26 11 12 20 18  9 40  4 25 21 16 24 35 14 17 15  3 33 13 31 22 37 27  6 32 | 335 
EPOCH [66] : 2 19  1 28  8 32  3 15 17 14 35 24 16 21 25  6 27 37 22 31 13 33  4 40  9 18 20 12 11 26 23  5 39 29 34 36  7 38 10 30  2 | 341 
EPOCH [67] : 1 28  8 32  3 15 17 14 35 24 16 21 25  6 27 37 22 31 13 33  4 40  9 18 20 12 11 26 23  5 39 29 34 36  7 38 10 30  2 19  1 | 341 
EPOCH [68] : 3 15 17 14 35 24 16 21 25  6 27 37 22 31 13 33  4 40  9 18 20 12 11 26 23  5 39 29 34 36  7 38 10 30  2 19  1 28  8 32  3 | 341 
EPOCH [69] : 4 40  9 18 20 12 11 26 23  5 39 29 34 36  7 38 10 30  2 19  1 28  8 32  3 15 17 14 35 24 16 21 25  6 27 37 22 31 13 33  4 | 341 
EPOCH [70] : 3 15 17 14 35 24 16 21 25  6 27 37 22 31 13 33  4 40  9 18 20 12 11 26 23  5 39 29 34 36  7 38 10 30  2 19  1 28  8 32  3 | 341 
EPOCH [71] : 1 19  2 30 10 38  7 36 34 29 39  5 23 26 11 12 20 18  9 40  4 33 13 31 22 37 27  6 25 21 16 24 35 14 17 15  3 32  8 28  1 | 341 
EPOCH [72] : 1 28  8 32  3 15 17 14 35 24 16 21 25  6 27 37 22 31 13 33  4 40  9 18 20 12 11 26 23  5 39 29 34 36  7 38 10 30  2 19  1 | 341 
EPOCH [73] :24 16 21 25  6 27 37 22 31 13  1 28  8 32  3 15 17 14 35 33  4 40  9 18 20 12 11 26 23  5 39 29 34 36  7 38 10 30  2 19 24 | 340 
EPOCH [74] : 9 40  4 25  6 27 37 22 31 13 33 19  2 30 10 38  7 36 34 29 39  5 23 26 11 12 20 18 32  8 28  1  3 15 17 14 35 24 16 21  9 | 338 
EPOCH [75] : 2 19  1 28  8 32  3 15 17 14 35 24 16 21 25  6 27 37 22 31 13 33  4 40  9 18 20 12 11 26 23  5 39 29 34 36  7 38 10 30  2 | 341 
EPOCH [76] : 1 28  8 32  3 15 17 14 35 24 16 21 25  6 27 37 22 31 13 33  4 40  9 18 20 12 11 26 23  5 39 29 34 36  7 38 10 30  2 19  1 | 341 
EPOCH [77] : 1 28  8 32  3 15 17 14 35 24 16 21 25  6 27 37 22 31 13 33  4 40  9 18 20 12 11 26 23  5 39 29 34 36  7 38 10 30  2 19  1 | 341 
EPOCH [78] : 1 19  2 30 10 38  7 36 34 29 39  5 23 26 11 12 20 18  9 40  4 33 13 31 22 37 27  6 25 21 16 24 35 14 17 15  3 32  8 28  1 | 341 
EPOCH [79] : 2 30 10 38  7 36 34 29 39  5 23 26 11 12 20 18  9 40  4 33 13 31 22 37 27  6 25 21 16 24 35 14 17 15  3 32  8 28  1 19  2 | 341 
EPOCH [80] : 6  1 28  8 32  3 15 17 14 35 24 16 21 25  4 40  9 18 20 12 11 26 23  5 39 29 34 36  7 38 10 30  2 19 33 13 31 22 37 27  6 | 325 
EPOCH [81] : 2 30 10 38  7 36 34 29 39  5 23 26 11 12 20 18  9 40  4 33 13 31 22 37 27  6 25 21 16 24 35 14 17 15  3 32  8 28  1 19  2 | 341 
EPOCH [82] : 1 19  2 30 10 38  7 36 34 29 39  5 23 26 11 12 20 18  9 40  4 33 13 31 22 37 27  6 25 21 16 24 35 14 17 15  3 32  8 28  1 | 341 
EPOCH [83] : 1 19  2 30 10 38  7 36 34 29 39  5 23 26 11 12 20 18  9 40  4 33 13 31 22 37 27  6 25 21 16 24 35 14 17 15  3 32  8 28  1 | 341 
EPOCH [84] : 1 19  2 30 10 38  7 36 34 29 39  5 23 26 11 12 20 18  9 40  4 33 13 31 22 37 27  6 25 21 16 24 35 14 17 15  3 32  8 28  1 | 341 
EPOCH [85] : 1 19  2 30 10 38  7 36 34 29 39  5 23 26 11 12 20 18  9 40  4 33 13 31 22 37 27  6 25 21 16 24 35 14 17 15  3 32  8 28  1 | 341 
EPOCH [86] : 1 19  2 30 10 38  7 36 34 29 39  5 23 26 11 12 20 18  9 40  4 33 13 31 22 37 27  6 25 21 16 24 35 14 17 15  3 32  8 28  1 | 341 
EPOCH [87] : 1 19  2 30 10 38  7 36 34 29 39  5 23 26 11 12 20 18  9 40  4 33 13 31 22 37 27  6 25 21 16 24 35 14 17 15  3 32  8 28  1 | 341 
EPOCH [88] : 1 19  2 30 10 38  7 36 34 29 39  5 23 26 11 12 20 18  9 40  4 33 13 31 22 37 27  6 25 21 16 24 35 14 17 15  3 32  8 28  1 | 341 
EPOCH [89] : 1 19  2 30 10 38  7 36 34 29 39  5 23 26 11 12 20 18  9 40  4 33 13 31 22 37 27  6 25 21 16 24 35 14 17 15  3 32  8 28  1 | 341 
EPOCH [90] : 2 30 10 38  7 36 34 29 39  5 23 26 11 12 20 18  9 40  4 33 13 31 22 37 27  6 25 21 16 24 35 14 17 15  3 32  8 28  1 19  2 | 341 
EPOCH [91] : 1 28  8 32  3 15 17 14 35 24 16 21 25  6 27 37 22 31 13 33  4 40  9 18 20 12 11 26 23  5 39 29 34 36  7 38 10 30  2 19  1 | 341 
EPOCH [92] : 1 19  2 30 10 38  7 36 34 29 39  5 23 26 11 12 20 18  9 40  4 33 13 31 22 37 27  6 25 21 16 24 35 14 17 15  3 32  8 28  1 | 341 
EPOCH [93] : 5 23 26 11 12 20 18  9 40  4 33 13 31 22 37 27  6 25 21 16 24 35 14 17 15  3 32  8 28  1 19  2 30 10 38  7 36 34 29 39  5 | 341 
EPOCH [94] : 1 19  2 30 10 38  7 36 34 29 39  5 23 26 11 12 20 18  9 40  4 33 13 31 22 37 27  6 25 21 16 24 35 14 17 15  3 32  8 28  1 | 341 
EPOCH [95] : 1 19  2 30 10 38  7 36 34 29 39  5 23 26 11 12 20 18  9 40  4 33 13 31 22 37 27  6 25 21 16 24 35 14 17 15  3 32  8 28  1 | 341 
EPOCH [96] : 1 19  2 30 10 38  7 36 34 29 39  5 23 26 11 12 20 18  9 40  4 33 13 31 22 37 27  6 25 21 16 24 35 14 17 15  3 32  8 28  1 | 341 
EPOCH [97] : 1 28  8 32  3 15 17 14 35 24 16 21 25  6 27 37 22 31 13 33  4 40  9 18 20 12 11 26 23  5 39 29 34 36  7 38 10 30  2 19  1 | 341 
EPOCH [98] : 5 23 26 11 12 20 18  9 40  4 33 13 31 22 37 27  6 25 21 16 24 35 14 17 15  3 32  8 28  1 19  2 30 10 38  7 36 34 29 39  5 | 341 
EPOCH [99] : 3 15 17 14 35 24 16 21 25  6 27 37 22 31 13 33  4 40  9 18 20 12 11 26 23  5 39 29 34 36  7 38 10 30  2 19  1 28  8 32  3 | 341 
EPOCH [100] : 1 28  8 32  3 15 17 14 35 24 16 21 25  6 27 37 22 31 13 33  4 40  9 18 20 12 11 26 23  5 39 29 34 36  7 38 10 30  2 19  1 | 341 
EPOCH [101] : 1 19  2 30 10 38  7 36 34 29 39  5 23 26 11 12 20 18  9 40  4 33 13 31 22 37 27  6 25 21 16 24 35 14 17 15  3 32  8 28  1 | 341 
EPOCH [102] : 2 30 10 38  7 36 34 29 39  5 23 26 11 12 20 18  9 40  4 33 13 31 22 37 27  6 25 21 16 24 35 14 17 15  3 32  8 28  1 19  2 | 341 
EPOCH [103] : 1 19  2 30 10 38  7 36 34 29 39  5 23 26 11 12 20 18  9 40  4 33 13 31 22 37 27  6 25 21 16 24 35 14 17 15  3 32  8 28  1 | 341 
EPOCH [104] : 1 28  8 32  3 15 17 14 35 24 16 21 25  6 27 37 22 31 13 33  4 40  9 18 20 12 11 26 23  5 39 29 34 36  7 38 10 30  2 19  1 | 341 
EPOCH [105] : 1 28  8 32  3 15 17 14 35 24 16 21 25  6 27 37 22 31 13 33  4 40  9 18 20 12 11 26 23  5 39 29 34 36  7 38 10 30  2 19  1 | 341 
EPOCH [106] : 1 28  8 32  3 15 17 14 35 24 16 21 25  6 27 37 22 31 13 33  4 40  9 18 20 12 11 26 23  5 39 29 34 36  7 38 10 30  2 19  1 | 341 
EPOCH [107] :17 15  3 32  8 28  1 19  2 30 10 38  7 36 34 29 39  5 23 26 11 12 20 18  9 40  4 33 13 31 22 37 27  6 25 21 16 24 14 35 17 | 337 
EPOCH [108] : 1 28  8 32  3 15 17 14 35 24 16 21 25  6 27 37 22 31 13 33  4 40  9 18 20 12 11 26 23  5 39 29 34 36  7 38 10 30  2 19  1 | 341 
EPOCH [109] : 1 19  2 30 10 38  7 36 34 29 39  5 23 26 11 12 20 18  9 40  4 33 13 31 22 37 27  6 25 21 16 24 35 14 17 15  3 32  8 28  1 | 341 
EPOCH [110] : 1 19  2 30 10 38  7 36 34 29 39  5 23 26 11 12 20 18  9 40  4 33 13 31 22 37 27  6 25 21 16 24 35 14 17 15  3 32  8 28  1 | 341 
EPOCH [111] : 2 19  1 28  8 32  3 15 17 14 35 24 16 21 25  6 27 37 22 31 13 33  4 40  9 18 20 12 11 26 23  5 39 29 34 36  7 38 10 30  2 | 341 
EPOCH [112] : 1 19  2 30 10 38  7 36 34 29 39  5 23 26 11 12 20 18  9 40  4 33 13 31 22 37 27  6 25 21 16 24 35 14 17 15  3 32  8 28  1 | 341 
EPOCH [113] : 1 19  2 30 10 38  7 36 34 29 39  5 23 26 11 12 20 18  9 40  4 33 13 31 22 37 27  6 25 21 16 24 35 14 17 15  3 32  8 28  1 | 341 
EPOCH [114] : 1 19  2 30 10 38  7 36 34 29 39  5 23 26 11 12 20 18  9 40  4 33 13 31 22 37 27  6 25 21 16 24 35 14 17 15  3 32  8 28  1 | 341 
EPOCH [115] : 2 19  1 28  8 32  3 15 17 14 35 24 16 21 25  6 27 37 22 31 13 33  4 40  9 18 20 12 11 26 23  5 39 29 34 36  7 38 10 30  2 | 341 
EPOCH [116] : 1 28  8 32  3 15 17 14 35 24 16 21 25  6 27 37 22 31 13 33  4 40  9 18 20 12 11 26 23  5 39 29 34 36  7 38 10 30  2 19  1 | 341 
EPOCH [117] : 2 19  1 28  8 32  3 15 17 14 35 24 16 21 25  6 27 37 22 31 13 33  4 40  9 18 20 12 11 26 23  5 39 29 34 36  7 38 10 30  2 | 341 
EPOCH [118] : 1 28  8 32  3 15 17 14 35 24 16 21 25  6 27 37 22 31 13 33  4 40  9 18 20 12 11 26 23  5 39 29 34 36  7 38 10 30  2 19  1 | 341 
EPOCH [119] : 1 19  2 30 10 38  7 36 34 29 39  5 23 26 11 12 20 18  9 40  4 33 13 31 22 37 27  6 25 21 16 24 35 14 17 15  3 32  8 28  1 | 341 
EPOCH [120] : 1 28  8 32  3 15 17 14 35 24 16 21 25  6 27 37 22 31 13 33  4 40  9 18 20 12 11 26 23  5 39 29 34 36  7 38 10 30  2 19  1 | 341 
EPOCH [121] : 1 19  2 30 10 38  7 36 34 29 39  5 23 26 11 12 20 18  9 40  4 33 13 31 22 37 27  6 25 21 16 24 35 14 17 15  3 32  8 28  1 | 341 
EPOCH [122] : 1 28  8 32  3 15 17 14 35 24 16 21 25  6 27 37 22 31 13 33  4 40  9 18 20 12 11 26 23  5 39 29 34 36  7 38 10 30  2 19  1 | 341 
EPOCH [123] : 1 19  2 30 10 38  7 36 34 29 39  5 23 26 11 12 20 18  9 40  4 33 13 31 22 37 27  6 25 21 16 24 35 14 17 15  3 32  8 28  1 | 341 
EPOCH [124] : 2 19  1 28  8 32  3 15 17 14 35 24 16 21 25  6 27 37 22 31 13 33  4 40  9 18 20 12 11 26 23  5 39 29 34 36  7 38 10 30  2 | 341 
EPOCH [125] : 1 19  2 30 10 38  7 36 34 29 39  5 23 26 11 12 20 18  9 40  4 33 13 31 22 37 27  6 25 21 16 24 35 14 17 15  3 32  8 28  1 | 341 
EPOCH [126] : 5 23 26 11 12 20 18  9 40  4 33 13 31 22 37 27  6 25 21 16 24 35 14 17 15  3 32  8 28  1 19  2 30 10 38  7 36 34 29 39  5 | 341 
EPOCH [127] : 1 19  2 30 10 38  7 36 34 29 39  5 23 26 11 12 20 18  9 40  4 33 13 31 22 37 27  6 25 21 16 24 35 14 17 15  3 32  8 28  1 | 341 
EPOCH [128] : 1 28  8 32  3 15 17 14 35 24 16 21 25  6 27 37 22 31 13 33  4 40  9 18 20 12 11 26 23  5 39 29 34 36  7 38 10 30  2 19  1 | 341 
EPOCH [129] : 1 19  2 30 10 38  7 36 34 29 39  5 23 26 11 12 20 18  9 40  4 33 13 31 22 37 27  6 25 21 16 24 35 14 17 15  3 32  8 28  1 | 341 
EPOCH [130] : 1 28  8 32  3 15 17 14 35 24 16 21 25  6 27 37 22 31 13 33  4 40  9 18 20 12 11 26 23  5 39 29 34 36  7 38 10 30  2 19  1 | 341 
EPOCH [131] : 1 19  2 30 10 38  7 36 34 29 39  5 23 26 11 12 20 18  9 40  4 33 13 31 22 37 27  6 25 21 16 24 35 14 17 15  3 32  8 28  1 | 341 
EPOCH [132] : 2 19  1 28  8 32  3 15 17 14 35 24 16 21 25  6 27 37 22 31 13 33  4 40  9 18 20 12 11 26 23  5 39 29 34 36  7 38 10 30  2 | 341 
EPOCH [133] : 4 40  9 18 20 12 11 26 23  5 39 29 34 36  7 38 10 30  2 19  1 28  8 32  3 15 17 14 35 24 16 21 25  6 27 37 22 31 13 33  4 | 341 
EPOCH [134] : 1 19  2 30 10 38  7 36 34 29 39  5 23 26 11 12 20 18  9 40  4 33 13 31 22 37 27  6 25 21 16 24 35 14 17 15  3 32  8 28  1 | 341 
EPOCH [135] : 2 19  1 28  8 32  3 15 17 14 35 24 16 21 25  6 27 37 22 31 13 33  4 40  9 18 20 12 11 26 23  5 39 29 34 36  7 38 10 30  2 | 341 
EPOCH [136] : 1 19  2 30 10 38  7 36 34 29 39  5 23 26 11 12 20 18  9 40  4 33 13 31 22 37 27  6 25 21 16 24 35 14 17 15  3 32  8 28  1 | 341 
EPOCH [137] : 2 30 10 38  7 36 34 29 39  5 23 26 11 12 20 18  9 40  4 33 13 31 22 37 27  6 25 21 16 24 35 14 17 15  3 32  8 28  1 19  2 | 341 
EPOCH [138] : 2 19  1 28  8 32  3 15 17 14 35 24 16 21 25  6 27 37 22 31 13 33  4 40  9 18 20 12 11 26 23  5 39 29 34 36  7 38 10 30  2 | 341 
EPOCH [139] : 1 28  8 32  3 15 17 14 35 24 16 21 25  6 27 37 22 31 13 33  4 40  9 18 20 12 11 26 23  5 39 29 34 36  7 38 10 30  2 19  1 | 341 
EPOCH [140] : 1 19  2 30 10 38  7 36 34 29 39  5 23 26 11 12 20 18  9 40  4 33 13 31 22 37 27  6 25 21 16 24 35 14 17 15  3 32  8 28  1 | 341 
EPOCH [141] : 2 19  1 28  8 32  3 15 17 14 35 24 16 21 25  6 27 37 22 31 13 33  4 40  9 18 20 12 11 26 23  5 39 29 34 36  7 38 10 30  2 | 341 
EPOCH [142] : 1 19  2 30 10 38  7 36 34 29 39  5 23 26 11 12 20 18  9 40  4 33 13 31 22 37 27  6 25 21 16 24 35 14 17 15  3 32  8 28  1 | 341 
EPOCH [143] : 1 19  2 30 10 38  7 36 34 29 39  5 23 26 11 12 20 18  9 40  4 33 13 31 22 37 27  6 25 21 16 24 35 14 17 15  3 32  8 28  1 | 341 
EPOCH [144] : 1 19  2 30 10 38  7 36 34 29 39  5 23 26 11 12 20 18  9 40  4 33 13 31 22 37 27  6 25 21 16 24 35 14 17 15  3 32  8 28  1 | 341 
EPOCH [145] : 1 19  2 30 10 38  7 36 34 29 39  5 23 26 11 12 20 18  9 40  4 33 13 31 22 37 27  6 25 21 16 24 35 14 17 15  3 32  8 28  1 | 341 
EPOCH [146] : 1 19  2 30 10 38  7 36 34 29 39  5 23 26 11 12 20 18  9 40  4 33 13 31 22 37 27  6 25 21 16 24 35 14 17 15  3 32  8 28  1 | 341 
EPOCH [147] : 2 19  1 28  8 32  3 15 17 14 35 24 16 21 25  6 27 37 22 31 13 33  4 40  9 18 20 12 11 26 23  5 39 29 34 36  7 38 10 30  2 | 341 
EPOCH [148] : 1 28  8 32  3 15 17 14 35 24 16 21 25  6 27 37 22 31 13 33  4 40  9 18 20 12 11 26 23  5 39 29 34 36  7 38 10 30  2 19  1 | 341 
EPOCH [149] : 1 19  2 30 10 38  7 36 34 29 39  5 23 26 11 12 20 18  9 40  4 33 13 31 22 37 27  6 25 21 16 24 35 14 17 15  3 32  8 28  1 | 341 
EPOCH [150] : 1 28  8 32  3 15 17 14 35 24 16 21 25  6 27 37 22 31 13 33  4 40  9 18 20 12 11 26 23  5 39 29 34 36  7 38 10 30  2 19  1 | 341 
EPOCH [151] : 1 19  2 30 10 38  7 36 34 29 39  5 23 26 11 12 20 18  9 40  4 33 13 31 22 37 27  6 25 21 16 24 35 14 17 15  3 32  8 28  1 | 341 
EPOCH [152] : 2 30 10 38  7 36 34 29 39  5 23 26 11 12 20 18  9 40  4 33 13 31 22 37 27  6 25 21 16 24 35 14 17 15  3 32  8 28  1 19  2 | 341 
EPOCH [153] : 1 28  8 32  3 15 17 14 35 24 16 21 25  6 27 37 22 31 13 33  4 40  9 18 20 12 11 26 23  5 39 29 34 36  7 38 10 30  2 19  1 | 341 
EPOCH [154] : 1 28  8 32  3 15 17 14 35 24 16 21 25  6 27 37 22 31 13 33  4 40  9 18 20 12 11 26 23  5 39 29 34 36  7 38 10 30  2 19  1 | 341 
EPOCH [155] : 1 19  2 30 10 38  7 36 34 29 39  5 23 26 11 12 20 18  9 40  4 33 13 31 22 37 27  6 25 21 16 24 35 14 17 15  3 32  8 28  1 | 341 
EPOCH [156] : 2 30 10 38  7 36 34 29 39  5 23 26 11 12 20 18  9 40  4 33 13 31 22 37 27  6 25 21 16 24 35 14 17 15  3 32  8 28  1 19  2 | 341 
EPOCH [157] :15  3 32  8 28  1 19  2 30 10 38  7 36 34 29 39  5 23 26 11 12 20 18  9 40  4 33 13 31 22 37 27  6 25 21 16 24 14 35 17 15 | 337 
EPOCH [158] : 1 19  2 30 10 38  7 36 34 29 39  5 23 26 11 12 20 18  9 40  4 33 13 31 22 37 27  6 25 21 16 24 35 14 17 15  3 32  8 28  1 | 341 
EPOCH [159] : 2 19  1 28  8 32  3 15 17 14 35 24 16 21 25  6 27 37 22 31 13 33  4 40  9 18 20 12 11 26 23  5 39 29 34 36  7 38 10 30  2 | 341 
EPOCH [160] : 2 19  1 28  8 32  3 15 17 14 35 24 16 21 25  6 27 37 22 31 13 33  4 40  9 18 20 12 11 26 23  5 39 29 34 36  7 38 10 30  2 | 341 
EPOCH [161] : 1 28  8 32  3 15 17 14 35 24 16 21 25  6 27 37 22 31 13 33  4 40  9 18 20 12 11 26 23  5 39 29 34 36  7 38 10 30  2 19  1 | 341 
EPOCH [162] : 1 28  8 32  3 15 17 14 35 24 16 21 25  6 27 37 22 31 13 33  4 40  9 18 20 12 11 26 23  5 39 29 34 36  7 38 10 30  2 19  1 | 341 
EPOCH [163] : 1 19  2 30 10 38  7 36 34 29 39  5 23 26 11 12 20 18  9 40  4 33 13 31 22 37 27  6 25 21 16 24 35 14 17 15  3 32  8 28  1 | 341 
EPOCH [164] : 1 28  8 32  3 15 17 14 35 24 16 21 25  6 27 37 22 31 13 33  4 40  9 18 20 12 11 26 23  5 39 29 34 36  7 38 10 30  2 19  1 | 341 
EPOCH [165] : 2 30 10 38  7 36 34 29 39  5 23 26 11 12 20 18  9 40  4 33 13 31 22 37 27  6 25 21 16 24 35 14 17 15  3 32  8 28  1 19  2 | 341 
EPOCH [166] : 4 40  9 18 20 12 11 26 23  5 39 29 34 36  7 38 10 30  2 19  1 28  8 32  3 15 17 14 35 24 16 21 25  6 27 37 22 31 13 33  4 | 341 
EPOCH [167] : 1 19  2 30 10 38  7 36 34 29 39  5 23 26 11 12 20 18  9 40  4 33 13 31 22 37 27  6 25 21 16 24 35 14 17 15  3 32  8 28  1 | 341 
EPOCH [168] : 2 19  1 28  8 32  3 15 17 14 35 24 16 21 25  6 27 37 22 31 13 33  4 40  9 18 20 12 11 26 23  5 39 29 34 36  7 38 10 30  2 | 341 
EPOCH [169] : 1 28  8 32  3 15 17 14 35 24 16 21 25  6 27 37 22 31 13 33  4 40  9 18 20 12 11 26 23  5 39 29 34 36  7 38 10 30  2 19  1 | 341 
EPOCH [170] : 1 28  8 32  3 15 17 14 35 24 16 21 25  6 27 37 22 31 13 33  4 40  9 18 20 12 11 26 23  5 39 29 34 36  7 38 10 30  2 19  1 | 341 
EPOCH [171] : 1 19  2 30 10 38  7 36 34 29 39  5 23 26 11 12 20 18  9 40  4 33 13 31 22 37 27  6 25 21 16 24 35 14 17 15  3 32  8 28  1 | 341 
EPOCH [172] : 1 19  2 30 10 38  7 36 34 29 39  5 23 26 11 12 20 18  9 40  4 33 13 31 22 37 27  6 25 21 16 24 35 14 17 15  3 32  8 28  1 | 341 
EPOCH [173] : 2 19  1 28  8 32  3 15 17 14 35 24 16 21 25  6 27 37 22 31 13 33  4 40  9 18 20 12 11 26 23  5 39 29 34 36  7 38 10 30  2 | 341 
EPOCH [174] : 3 15 17 14 35 24 16 21 25  6 27 37 22 31 13 33  4 40  9 18 20 12 11 26 23  5 39 29 34 36  7 38 10 30  2 19  1 28  8 32  3 | 341 
EPOCH [175] : 2 19  1 28  8 32  3 15 17 14 35 24 16 21 25  6 27 37 22 31 13 33  4 40  9 18 20 12 11 26 23  5 39 29 34 36  7 38 10 30  2 | 341 
EPOCH [176] : 2 19  1 28  8 32  3 15 17 14 35 24 16 21 25  6 27 37 22 31 13 33  4 40  9 18 20 12 11 26 23  5 39 29 34 36  7 38 10 30  2 | 341 
EPOCH [177] : 1 19  2 30 10 38  7 36 34 29 39  5 23 26 11 12 20 18  9 40  4 33 13 31 22 37 27  6 25 21 16 24 35 14 17 15  3 32  8 28  1 | 341 
EPOCH [178] : 1 19  2 30 10 38  7 36 34 29 39  5 23 26 11 12 20 18  9 40  4 33 13 31 22 37 27  6 25 21 16 24 35 14 17 15  3 32  8 28  1 | 341 
EPOCH [179] : 1 19  2 30 10 38  7 36 34 29 39  5 23 26 11 12 20 18  9 40  4 33 13 31 22 37 27  6 25 21 16 24 35 14 17 15  3 32  8 28  1 | 341 
