30
78 60 57 82 17 85 77 25 64 50 88 72 90 43 92 19 11 34 80 90 87 81 41 20 23 21 33 43 76 
18 46 53 77 2 35 94 86 11 19 49 61 6 20 50 48 12 69 59 45 49 49 31 29 90 51 52 11 
83 94 86 100 39 39 77 41 73 71 26 84 89 75 44 95 95 94 43 6 63 2 50 11 51 80 40 
40 31 91 51 13 85 36 13 23 75 90 63 47 60 89 30 49 63 74 44 57 68 86 63 30 88 
12 41 38 92 80 78 22 70 28 35 54 64 48 77 38 37 40 84 97 28 14 46 91 88 89 
48 55 75 10 85 62 22 25 100 13 4 77 35 74 5 70 27 68 17 4 5 53 43 89 
49 71 3 94 61 90 83 9 45 57 18 29 19 39 53 19 52 57 95 87 30 100 56 
57 68 72 60 72 25 3 61 74 73 64 67 34 53 50 42 98 7 59 26 25 98 
79 43 50 36 38 36 65 38 92 22 5 63 81 77 87 84 37 60 56 100 27 
90 53 77 31 50 83 90 76 8 88 55 51 38 90 88 74 54 26 65 75 
30 28 56 6 15 39 43 75 95 43 2 85 96 78 16 46 61 5 21 
68 93 75 18 30 64 6 4 18 31 68 93 61 95 48 67 10 87 
9 84 82 52 85 66 47 63 81 92 23 86 13 90 79 87 8 
9 51 14 12 68 44 79 60 5 74 8 71 83 95 79 67 
76 31 52 42 78 14 22 69 36 8 82 26 86 68 34 
94 19 47 5 87 90 84 46 95 58 54 65 41 48 
44 7 24 74 58 65 51 71 87 20 7 94 1 
32 80 69 66 73 87 12 78 73 2 62 19 
96 19 73 60 59 20 3 66 43 76 23 
8 27 94 94 46 1 87 46 33 67 
14 98 39 100 9 17 73 10 79 
91 5 98 63 65 57 83 67 
22 26 43 45 33 69 39 
27 15 39 14 60 71 
80 74 68 18 74 
76 35 46 86 
14 37 91 
11 100 
55 

