50
97 10 24 51 17 15 87 88 36 87 58 53 39 59 23 43 90 76 77 28 67 85 38 37 19 28 39 72 82 22 40 79 31 63 29 48 78 15 35 13 2 92 66 40 51 88 82 40 63 
59 68 29 43 5 66 62 32 4 33 14 26 72 92 56 34 21 4 11 35 38 24 36 30 89 76 80 76 57 20 39 16 87 67 58 92 32 20 24 36 52 38 61 24 30 17 58 50 
20 69 85 58 92 20 87 81 96 67 56 52 86 94 68 73 61 26 65 93 45 88 29 97 25 90 20 54 6 77 3 26 45 87 83 37 7 70 17 2 36 73 54 22 67 21 95 
28 47 59 20 91 46 49 88 70 38 7 24 43 84 26 69 29 13 51 66 20 20 82 21 56 55 75 77 22 96 71 49 42 30 69 33 75 17 20 45 55 27 68 97 10 94 
66 39 7 16 4 26 36 86 47 92 41 21 68 62 16 39 11 57 68 79 90 43 96 10 88 50 36 56 47 46 49 12 84 56 28 88 81 64 73 27 55 13 47 23 75 
63 61 85 20 29 63 9 72 59 18 59 8 54 14 54 99 63 66 83 18 93 71 98 56 44 25 11 56 72 33 31 34 94 15 53 22 78 62 93 36 79 52 44 33 
65 97 32 27 63 14 45 56 84 43 12 27 67 22 83 38 54 14 72 47 28 25 69 5 86 62 41 65 13 84 97 77 81 28 4 43 42 48 99 26 90 10 53 
57 31 36 94 85 49 66 32 76 90 100 81 75 61 22 40 74 5 36 50 85 64 54 28 6 1 26 31 91 36 83 47 66 19 41 51 67 6 82 43 96 81 
24 70 42 45 10 15 50 46 65 35 9 18 62 14 19 88 45 9 23 28 56 89 46 96 39 13 1 21 55 97 2 79 66 43 23 76 58 72 21 22 6 
30 40 68 43 59 56 88 68 78 15 23 67 61 18 6 73 19 26 28 15 27 6 81 70 28 56 27 100 76 49 6 5 89 73 48 47 28 36 14 6 
51 36 73 11 53 78 84 72 3 11 86 30 16 66 99 44 22 25 43 97 73 49 2 62 21 50 8 49 85 21 54 35 57 26 45 9 4 29 81 
6 39 66 35 55 32 33 98 53 58 41 49 31 89 51 92 10 100 99 58 85 20 12 19 76 38 64 85 41 93 65 47 31 31 81 85 62 14 
83 14 72 23 63 2 12 13 93 21 13 92 79 97 12 90 16 87 27 80 72 67 72 37 13 3 67 94 87 28 8 69 41 79 92 3 80 
4 16 73 24 28 65 3 25 76 92 41 63 19 21 34 85 92 71 98 95 37 92 81 64 99 50 5 77 42 8 57 45 23 30 69 51 
94 71 75 70 63 16 32 81 36 66 65 28 36 63 22 73 54 3 37 52 53 41 29 94 48 86 39 71 15 7 21 8 78 96 78 
40 12 9 20 47 75 85 75 11 47 97 83 1 99 19 53 51 60 82 45 8 67 83 78 81 90 99 89 68 95 66 7 6 75 
27 53 49 11 27 60 58 23 42 58 22 61 11 73 20 92 18 27 58 1 5 38 90 3 27 57 97 93 64 3 67 90 56 
16 100 82 75 57 5 17 15 27 77 25 99 96 16 16 22 74 16 26 12 6 29 38 63 26 30 26 29 97 15 84 12 
15 65 87 72 70 3 87 96 79 11 95 75 27 11 97 1 26 23 12 32 51 50 94 77 79 20 5 76 34 88 88 
49 53 74 20 23 77 7 19 56 17 13 30 44 23 27 45 49 49 56 80 100 5 74 76 84 93 81 60 27 69 
47 75 21 21 95 44 97 1 62 52 18 75 82 62 97 8 6 46 56 62 26 56 66 99 32 50 92 12 9 
18 80 55 93 1 75 88 44 72 89 6 23 6 80 5 68 76 12 73 22 68 35 47 24 100 46 55 50 
38 66 58 56 46 13 48 46 88 36 90 59 24 95 82 30 74 86 97 50 98 70 71 66 4 18 89 
4 63 43 54 1 9 11 56 55 24 3 100 11 39 90 70 62 84 51 91 58 37 88 7 35 58 
78 100 62 96 89 66 59 32 19 59 40 29 14 94 53 17 94 63 55 84 33 16 68 83 7 
25 20 95 32 54 53 10 53 14 5 41 79 63 73 97 21 12 26 35 6 78 51 100 41 
5 84 73 21 51 56 28 75 76 23 7 29 75 17 82 88 21 23 67 84 95 63 5 
7 89 39 13 66 89 12 7 94 95 80 14 45 36 42 20 11 64 27 39 38 43 
21 25 64 43 92 47 37 54 52 43 42 90 55 8 79 67 15 72 62 95 86 
7 30 27 27 40 91 53 79 28 96 99 53 60 42 44 6 78 98 58 21 
40 47 75 47 26 42 62 98 3 56 83 9 86 10 35 25 100 88 4 
28 84 3 80 43 44 23 49 21 21 6 42 60 53 17 7 78 58 
68 75 61 24 58 69 9 68 4 34 68 92 37 95 75 40 74 
18 83 97 66 4 17 71 45 77 24 61 83 1 19 50 76 
79 73 34 48 82 1 52 15 68 44 51 62 18 90 36 
36 73 33 1 76 50 72 21 26 95 82 8 96 100 
58 72 79 31 5 26 12 6 78 26 74 21 77 
36 39 67 71 74 39 4 75 15 53 46 35 
79 41 16 86 37 16 44 8 94 74 13 
20 86 19 97 11 92 18 88 27 56 
54 98 30 92 1 4 6 54 49 
41 32 90 57 18 26 72 61 
34 66 35 46 85 20 64 
82 31 56 99 18 82 
55 71 80 84 63 
81 87 68 35 
36 9 66 
25 65 
84 

