40
41 14 73 22 10 26 74 49 21 94 6 12 95 21 88 90 58 1 75 93 6 31 44 40 10 81 2 66 75 37 93 15 50 66 37 60 91 10 8 
12 3 14 24 98 35 11 88 93 11 62 86 17 92 29 56 2 10 58 68 84 94 60 99 44 26 35 3 16 45 11 28 47 25 51 45 59 62 
32 52 72 93 37 89 85 66 45 86 75 2 54 59 96 13 58 40 38 93 42 54 37 53 81 84 77 32 28 36 93 60 87 65 52 24 53 
37 89 97 23 64 99 76 23 95 89 81 34 26 74 76 80 10 28 61 94 4 92 22 39 84 81 26 48 33 49 100 69 38 97 92 1 
95 67 24 90 55 5 24 81 78 99 60 88 27 20 81 31 11 3 69 94 84 95 42 16 43 41 85 80 38 77 81 33 43 5 22 
97 9 45 77 86 44 37 73 70 57 54 100 67 56 69 61 40 63 2 56 5 43 41 85 81 17 66 13 59 70 35 55 78 79 
32 63 22 69 36 92 25 89 91 91 45 59 52 84 21 54 39 26 97 79 11 77 95 76 90 54 45 24 9 22 3 40 85 
25 8 20 16 33 9 6 23 54 64 75 37 85 29 76 11 25 55 21 2 50 97 91 3 41 15 11 63 17 51 48 41 
59 67 56 91 76 62 14 29 26 88 66 11 17 42 21 42 96 42 43 45 39 34 47 80 48 58 42 65 8 89 6 
67 56 61 57 32 23 70 60 48 58 26 58 75 67 79 16 62 21 58 7 59 92 54 38 40 11 80 4 19 68 
9 85 24 70 42 55 92 12 15 40 70 40 97 44 6 76 59 68 96 17 74 54 9 27 92 48 38 71 52 
56 38 61 41 62 31 82 16 22 94 31 62 63 70 58 6 76 33 64 43 28 81 16 82 89 43 73 36 
80 43 88 36 81 48 77 42 78 59 58 100 52 88 61 14 58 19 19 33 51 83 75 79 63 91 61 
51 33 33 87 13 76 74 49 57 22 25 98 99 83 56 98 35 44 59 48 1 77 67 33 27 49 
7 6 12 97 66 63 30 99 49 42 75 23 90 31 44 15 29 43 98 85 41 32 28 99 80 
28 75 46 61 2 94 68 7 6 64 73 68 94 72 17 36 47 40 26 77 83 40 6 26 
38 90 66 69 18 64 48 46 38 93 6 39 87 73 46 93 37 18 60 30 90 77 65 
36 16 91 13 99 30 19 24 68 9 89 36 26 52 84 71 90 77 76 28 64 48 
73 56 84 91 16 14 80 92 79 16 8 69 28 6 99 46 30 66 54 19 2 
80 70 86 50 59 62 25 87 25 73 59 81 57 50 96 71 29 88 50 44 
96 18 72 2 17 18 31 83 72 49 85 51 19 70 100 78 31 25 64 
56 98 23 36 55 72 32 25 1 20 74 45 15 92 16 17 9 34 
48 91 5 96 76 55 15 45 54 92 76 79 56 31 76 79 67 
30 51 99 55 51 19 28 95 34 19 11 50 28 44 97 19 
49 93 94 3 7 38 57 99 14 35 55 45 11 33 12 
41 83 10 95 34 28 23 29 62 42 40 11 69 84 
8 87 32 100 80 34 7 18 90 6 31 25 61 
75 35 93 86 76 76 96 70 9 24 92 38 
85 33 77 96 1 60 3 88 91 3 67 
25 9 84 14 15 15 39 75 89 74 
68 75 49 43 70 19 52 94 11 
90 78 43 66 73 44 26 75 
31 16 78 98 40 86 82 
54 1 96 93 75 85 
66 42 59 14 85 
29 33 37 22 
43 26 100 
85 92 
72 

