100
901 552 348 663 208 273 964 409 336 893 792 382 419 988 930 861 567 479 389 981 478 570 458 308 858 717 236 438 476 109 722 376 660 69 39 867 342 2 276 677 894 68 58 313 56 988 174 623 467 562 604 944 131 61 252 989 777 488 426 253 596 147 628 256 216 667 122 557 668 398 234 562 466 291 875 521 279 48 143 745 610 746 688 741 807 939 729 584 426 154 836 22 301 464 277 516 130 399 72 
798 797 305 359 262 596 234 782 874 281 925 618 891 671 306 631 477 244 359 61 670 513 896 692 813 359 968 328 489 366 400 286 163 705 645 424 300 878 206 173 159 130 791 49 801 96 679 278 340 38 338 9 551 233 701 363 592 668 691 80 34 91 366 196 795 10 620 94 887 825 267 46 955 57 94 755 153 773 32 492 811 369 501 361 602 201 724 194 869 415 274 902 505 639 98 299 649 717 
392 536 541 659 581 495 716 674 250 868 447 281 360 257 650 861 618 252 62 341 446 930 755 719 832 259 358 930 557 6 646 949 541 187 607 121 682 323 795 931 190 241 212 550 497 862 410 114 114 472 455 559 401 209 277 233 468 635 162 25 640 808 973 181 995 580 301 676 902 96 607 92 336 819 641 833 680 51 947 793 522 401 352 923 610 628 155 77 263 317 101 902 124 74 82 118 654 
383 794 555 478 400 647 814 219 288 646 898 338 593 691 860 994 43 782 603 670 937 680 932 253 781 834 377 854 916 495 508 299 289 63 777 689 709 590 907 996 236 805 334 829 496 193 822 538 975 425 208 911 104 140 164 884 973 541 738 889 36 245 187 324 307 964 13 15 554 919 11 790 723 344 618 219 537 439 756 511 863 963 421 967 102 585 851 75 125 588 963 160 833 150 484 139 
113 496 154 666 415 165 456 138 508 73 356 45 512 111 555 375 74 976 341 175 560 191 249 684 778 212 844 610 362 328 749 474 824 903 140 238 67 596 376 575 668 731 619 179 842 174 553 915 149 894 89 708 84 338 392 862 550 236 472 911 564 221 385 387 123 525 625 189 120 1000 764 787 731 382 966 572 555 519 486 704 412 575 411 495 913 803 357 462 39 829 373 602 49 757 988 
171 282 612 360 401 612 123 188 342 505 154 914 60 672 399 763 83 974 174 578 887 976 935 349 14 763 721 615 811 478 603 982 759 215 341 160 826 463 347 168 968 500 81 27 172 480 789 254 454 962 832 340 938 766 688 951 528 409 566 338 886 169 319 644 383 660 804 209 123 151 377 90 650 457 116 822 937 904 75 390 866 906 729 803 672 417 754 199 825 320 537 710 488 856 
354 871 515 157 80 637 307 456 726 957 912 842 778 849 746 853 238 611 759 967 413 430 383 167 629 207 486 165 917 974 20 271 844 534 428 923 171 735 378 897 691 290 738 469 138 483 322 376 93 81 342 506 510 724 672 138 931 158 303 848 131 323 118 975 856 545 897 27 279 275 923 970 565 660 439 702 142 760 77 235 841 418 741 350 142 413 488 73 570 791 920 701 113 
37 675 969 582 572 995 860 847 918 830 411 577 268 113 719 28 189 954 868 607 694 218 749 106 706 821 676 496 740 376 608 777 51 577 358 623 571 217 469 488 46 879 65 314 991 784 342 180 737 209 787 431 427 535 537 132 356 212 627 95 588 235 872 638 811 229 261 382 446 729 870 492 607 934 805 597 717 146 777 454 355 563 885 781 97 421 912 452 632 539 547 220 
774 418 858 585 646 118 966 91 846 835 583 452 769 387 49 486 533 825 940 888 387 824 668 484 244 580 935 876 119 482 95 892 899 952 477 545 69 442 636 915 277 218 367 46 605 415 531 137 240 470 24 627 293 692 110 537 271 45 412 390 527 506 282 425 458 758 970 527 200 605 441 477 822 807 522 426 222 53 563 461 523 587 88 816 278 197 352 548 242 763 938 
768 269 219 193 727 976 162 253 176 767 693 652 589 500 174 15 721 226 577 182 748 163 269 563 440 466 915 988 707 677 925 475 946 144 667 672 120 829 924 295 596 617 947 184 116 120 198 837 345 774 18 93 937 287 656 377 752 570 364 458 247 289 933 192 433 600 864 552 428 788 846 23 404 792 207 520 912 404 357 257 178 374 349 114 660 4 490 412 573 854 
870 819 143 802 11 575 401 874 126 829 661 972 852 65 764 58 585 675 461 941 931 638 315 279 752 975 283 241 386 856 95 255 674 237 57 685 811 457 558 937 285 219 908 136 284 672 194 868 346 654 809 276 292 124 555 43 99 838 283 485 693 378 740 367 614 796 51 425 253 609 361 538 828 269 673 111 940 867 979 286 520 788 562 811 911 117 853 10 954 
136 494 646 513 234 13 127 29 63 551 281 672 912 818 499 181 491 609 121 357 588 406 877 375 968 688 286 84 541 296 37 676 789 683 189 22 696 316 51 758 867 331 430 778 149 928 959 640 537 79 996 124 485 873 499 452 560 785 535 100 80 572 776 869 255 965 890 950 280 941 708 146 272 137 924 420 65 883 60 601 962 56 725 446 928 224 898 488 
9 433 587 88 4 363 956 259 327 846 209 607 787 917 753 58 53 677 478 118 559 537 719 520 592 444 966 520 668 863 7 676 295 593 763 299 955 719 558 282 565 766 888 351 682 640 408 735 316 886 852 875 422 571 395 14 14 360 533 681 222 540 356 517 133 119 815 87 837 372 369 402 138 256 752 819 896 160 554 212 45 406 87 466 976 481 480 
990 840 13 670 62 552 26 578 684 145 392 771 982 764 139 383 901 395 134 720 291 294 273 502 338 678 589 804 654 69 283 643 908 295 313 969 847 339 547 530 483 939 300 464 702 439 846 603 834 980 323 124 273 595 626 610 273 214 414 927 282 697 569 190 992 882 159 838 220 705 367 702 643 667 165 345 105 11 948 938 990 270 62 263 865 687 
873 138 901 286 64 182 982 633 372 973 514 530 811 734 235 177 435 877 844 600 222 949 610 169 887 600 439 948 862 303 635 735 440 535 20 504 717 2 136 89 975 650 618 785 383 852 962 818 729 806 418 951 754 28 120 640 627 558 588 489 861 223 224 300 758 243 804 474 245 940 562 220 589 180 5 972 32 967 790 761 772 207 711 526 235 
830 166 862 387 753 350 247 975 573 547 732 816 351 206 61 290 768 280 879 948 285 851 979 251 641 739 22 848 450 547 82 279 712 943 666 465 293 913 440 866 460 172 682 810 377 742 100 145 22 978 92 306 829 71 556 469 809 578 316 259 125 397 537 836 340 203 301 632 115 740 498 574 911 179 384 288 920 483 432 941 460 524 247 289 
594 802 757 403 380 73 661 504 470 198 340 809 400 640 441 514 380 938 88 291 116 471 578 36 953 10 977 413 533 223 701 127 25 458 529 404 530 189 907 999 386 247 808 786 886 249 299 266 186 386 556 302 857 133 337 809 143 313 221 675 535 922 801 560 380 330 963 909 519 870 908 905 116 716 690 2 964 988 267 150 374 822 451 
230 955 788 39 97 101 260 772 636 181 573 195 560 902 157 469 420 26 377 324 142 92 14 143 56 1 410 206 375 232 657 604 187 444 642 284 544 901 55 179 82 628 374 642 530 530 111 950 556 487 274 697 579 287 840 634 287 249 839 662 480 495 266 667 939 908 950 483 809 4 662 890 632 35 532 161 564 642 110 120 128 383 
816 707 670 656 340 956 904 179 618 384 674 883 50 612 790 999 94 598 3 755 488 635 789 19 795 353 660 905 472 788 288 288 494 957 943 834 913 847 13 530 231 686 412 281 298 201 280 391 799 283 146 286 917 935 304 711 288 964 616 760 752 903 47 246 860 990 79 772 837 92 301 67 777 713 347 74 914 627 465 712 909 
611 997 825 545 300 536 833 264 152 592 15 54 638 260 913 628 339 685 464 430 985 530 206 697 877 280 610 504 744 322 412 354 318 237 899 618 772 731 881 923 323 896 977 961 156 890 588 494 574 51 924 559 581 130 255 458 409 865 961 153 187 372 507 504 608 406 122 380 136 2 303 459 898 280 419 53 169 6 546 743 
57 470 301 637 599 556 94 7 421 55 160 607 426 666 111 34 71 232 414 207 234 717 665 131 996 83 183 165 88 729 908 144 198 208 781 797 764 875 803 184 929 962 791 355 628 901 389 698 132 803 905 366 519 569 496 515 651 679 680 739 408 587 883 606 795 664 402 558 538 204 742 467 166 533 821 794 434 209 491 
565 12 396 931 530 964 426 44 615 105 724 353 512 310 236 117 105 899 518 662 437 722 404 903 888 937 723 681 370 932 172 935 944 567 865 473 530 290 517 145 394 240 498 906 550 733 22 654 632 540 316 68 261 720 971 148 656 694 829 25 626 1000 959 569 567 824 41 97 114 558 241 507 797 738 413 347 471 434 
1000 103 973 315 170 234 34 140 382 690 833 210 714 458 210 673 26 777 496 67 873 609 624 114 116 421 852 529 767 322 962 767 424 935 81 594 168 115 734 550 805 567 759 519 25 969 191 51 745 687 117 618 296 741 731 412 161 583 940 928 904 901 694 328 836 775 922 4 889 655 553 694 222 312 212 246 280 
402 296 25 89 412 643 384 152 374 795 313 956 734 240 860 635 933 187 471 707 109 474 596 764 26 289 985 337 501 230 617 902 525 642 991 937 284 374 89 658 169 401 613 903 641 472 538 574 659 8 281 768 481 877 531 507 166 515 844 666 744 460 567 269 102 558 205 386 931 294 43 100 694 655 3 335 
127 540 908 786 547 188 553 28 64 84 535 229 598 378 894 342 837 461 611 938 18 816 323 949 109 366 49 803 21 51 137 147 591 45 933 138 232 485 165 296 568 699 525 166 77 418 507 913 879 118 851 897 933 174 846 41 540 895 843 560 945 980 706 535 24 638 672 256 123 837 551 691 536 75 857 
612 493 364 525 372 481 376 269 413 550 114 454 89 9 297 648 953 276 354 488 300 992 160 555 115 997 105 806 532 180 662 144 673 25 669 44 505 44 312 918 594 426 371 683 434 667 330 387 943 684 875 242 676 34 796 790 30 901 595 562 81 256 705 753 281 373 797 785 417 109 702 10 535 72 
692 968 739 22 355 681 705 229 922 381 262 718 170 292 619 765 853 699 21 557 452 301 930 248 85 346 357 787 355 891 858 47 859 597 68 213 277 773 441 199 153 703 917 323 994 535 87 847 234 107 404 685 408 333 933 492 678 290 279 33 180 136 79 38 733 147 251 10 920 691 208 72 394 
125 395 388 659 481 234 893 588 638 578 995 970 511 487 648 800 765 680 980 901 759 17 633 906 267 642 825 958 850 897 352 974 291 739 633 772 973 526 359 610 103 354 580 613 840 227 412 605 907 392 505 666 408 138 572 675 780 397 633 630 293 984 603 584 723 236 355 696 761 714 306 863 
67 885 476 907 112 888 511 18 279 16 684 687 154 255 361 933 651 994 562 944 977 165 527 700 401 881 395 162 594 700 25 661 585 500 568 696 388 78 714 666 94 398 353 248 652 713 180 303 707 742 246 683 907 773 383 308 653 777 469 247 477 494 908 61 994 475 757 381 553 471 47 
647 868 399 894 519 112 74 822 818 816 68 501 722 840 883 30 493 660 499 739 137 992 647 198 986 121 954 366 673 424 413 320 292 811 213 811 923 286 632 741 101 699 241 823 538 124 852 31 784 351 770 920 343 416 117 328 537 71 693 210 495 106 529 786 917 741 596 839 26 227 
579 127 926 820 949 464 944 801 494 727 151 264 646 493 679 763 820 215 833 513 424 327 618 952 113 534 693 708 373 718 935 952 844 861 771 793 324 714 593 818 440 743 81 86 235 760 848 55 974 680 568 398 7 186 350 119 720 42 827 92 760 761 43 603 621 814 395 945 528 
988 763 968 730 844 53 965 603 901 20 577 580 587 974 587 772 323 705 491 364 532 583 123 292 626 726 913 439 121 858 966 108 620 933 838 464 986 802 66 886 821 642 466 408 616 52 180 939 757 670 302 288 253 425 580 878 151 492 317 272 350 282 380 970 215 217 433 200 
18 498 86 839 140 551 247 755 603 426 694 359 96 995 647 348 420 226 226 571 718 542 843 67 823 222 37 38 438 469 238 456 967 323 295 107 874 541 862 476 966 555 835 61 550 482 409 969 707 634 540 425 175 382 492 998 604 528 36 41 997 273 497 963 596 791 69 
470 332 930 946 298 484 780 358 33 262 767 2 968 400 542 393 575 924 885 573 527 412 608 568 408 881 64 371 477 855 440 946 187 370 891 484 853 671 842 886 932 608 888 900 8 429 293 583 353 177 155 879 588 763 446 996 643 510 367 119 365 806 65 551 175 956 
34 28 626 875 913 558 483 801 457 491 229 749 73 581 925 227 460 513 989 906 509 632 416 875 751 780 681 815 331 856 770 365 883 396 240 796 953 722 596 410 212 825 159 285 406 84 512 866 597 501 771 105 132 186 980 882 966 661 696 297 516 466 661 399 861 
900 194 814 622 790 223 834 615 381 118 20 465 629 886 61 129 656 166 261 842 145 143 808 805 838 104 321 304 764 719 164 664 913 977 285 702 200 118 317 581 236 337 45 865 222 105 994 878 270 254 719 415 396 527 220 234 630 540 537 394 259 701 57 171 
678 342 873 878 460 189 458 695 525 502 559 747 607 553 624 877 806 343 291 202 869 511 435 498 50 972 891 308 673 948 479 351 289 351 228 748 540 686 443 65 188 2 811 795 554 435 671 360 777 962 561 645 472 996 142 522 968 33 830 640 981 308 991 
269 659 219 17 199 904 459 263 92 461 74 886 14 508 556 373 284 518 933 928 990 929 70 511 896 103 341 536 83 649 526 352 308 745 369 506 648 828 768 740 288 841 625 301 349 180 674 632 697 606 560 686 534 629 197 430 732 537 965 814 186 491 
166 493 235 534 998 883 361 766 622 648 607 246 949 955 426 622 587 122 228 146 808 762 775 5 191 506 542 155 320 727 645 486 219 880 19 217 762 380 982 383 28 588 628 976 543 53 598 129 175 825 274 983 587 49 988 777 554 529 932 874 256 
577 359 474 456 378 691 217 757 672 600 784 260 228 760 802 281 357 930 455 182 204 438 768 252 426 545 806 954 476 679 209 53 38 683 508 415 374 725 171 45 324 955 305 551 714 106 832 71 36 287 253 240 724 20 491 149 565 297 103 41 
976 312 93 13 995 601 428 368 325 599 413 649 553 717 200 267 823 31 338 858 317 590 98 41 610 588 190 174 885 293 214 860 604 307 873 599 907 300 966 232 898 379 881 451 96 80 718 918 111 56 776 427 645 873 468 255 461 657 429 
345 949 642 205 553 949 78 151 855 377 117 87 275 495 967 726 591 47 443 508 157 499 284 584 143 156 51 398 617 708 826 962 657 468 167 210 416 244 360 271 620 477 357 895 972 324 620 562 370 63 69 526 562 353 110 704 508 160 
102 125 868 927 86 524 394 252 733 810 496 93 80 116 569 437 10 541 761 630 102 130 693 171 656 254 523 765 958 31 925 59 155 792 985 241 316 379 493 49 188 988 142 268 103 711 705 113 251 465 742 352 595 435 523 250 688 
45 15 645 76 939 704 231 731 689 471 47 67 964 96 254 951 237 522 54 947 226 166 198 691 908 550 285 342 72 535 29 117 549 674 192 488 377 422 219 65 893 265 132 856 361 386 806 597 907 860 544 133 25 741 823 932 
290 107 274 362 642 302 478 190 976 670 678 353 91 896 418 983 161 549 839 521 935 644 118 842 504 662 974 528 403 796 460 692 903 733 54 544 35 531 734 11 201 411 363 291 307 781 274 467 330 112 988 264 756 105 105 
259 767 79 787 169 875 246 861 777 979 914 321 13 445 55 24 645 465 386 936 771 167 209 238 496 321 225 760 76 330 864 335 96 942 121 264 816 367 124 593 345 38 914 358 482 968 381 126 433 767 61 204 933 270 
441 429 590 666 188 666 996 52 1000 91 994 120 355 810 486 479 403 831 516 316 189 997 284 569 123 717 336 184 920 268 453 361 697 42 27 884 707 22 936 707 113 929 826 468 738 312 946 141 143 461 456 331 458 
740 900 581 456 235 764 376 503 217 736 199 259 763 83 966 784 18 672 897 946 498 364 684 809 309 824 952 770 280 282 228 19 181 808 475 416 572 850 918 788 586 117 46 348 199 11 132 216 683 28 162 180 
391 845 989 699 669 940 469 948 222 696 967 403 504 441 818 75 291 735 863 877 851 908 224 50 919 356 265 601 383 426 780 773 271 768 472 939 708 940 887 929 636 854 331 139 295 148 213 585 883 75 461 
734 983 685 783 901 40 48 502 423 473 282 196 744 50 667 682 757 607 569 685 242 422 16 381 716 163 593 301 46 668 762 779 651 446 562 552 486 609 53 908 81 334 103 825 383 770 507 140 376 75 
824 618 497 839 998 212 2 591 512 47 259 273 826 909 719 387 460 205 995 513 112 76 847 215 900 229 985 406 369 361 481 192 978 977 31 976 188 33 566 700 79 824 973 905 732 692 291 192 896 
286 704 8 361 550 222 261 779 207 667 147 567 147 339 544 124 370 519 311 402 85 11 481 908 984 385 640 675 676 832 570 961 535 577 322 85 799 583 864 5 249 11 571 396 350 114 519 719 
633 830 120 717 840 601 625 823 985 264 498 660 95 67 621 630 643 943 715 442 525 579 446 774 589 16 169 939 130 687 657 763 517 777 479 357 377 103 179 362 367 676 22 462 743 642 91 
386 584 806 827 109 384 272 882 973 288 50 912 417 737 568 179 253 345 658 609 722 761 788 83 127 464 104 588 207 746 679 592 330 485 418 438 868 689 319 841 976 369 752 393 105 320 
571 358 665 229 967 387 989 755 469 115 219 573 703 425 319 381 16 648 866 433 86 734 122 404 574 97 773 326 489 878 646 60 235 311 289 202 697 277 957 166 392 175 739 94 599 
57 475 615 705 340 47 790 73 169 194 647 265 966 973 754 843 618 814 78 929 102 279 625 378 235 791 769 410 529 863 9 586 337 623 290 677 670 80 749 838 274 395 103 239 
368 856 82 986 670 159 914 771 438 538 149 672 329 918 82 857 780 90 443 116 712 732 792 381 812 541 218 85 936 320 324 303 176 405 288 845 563 201 616 1000 739 764 672 
67 681 753 924 461 842 366 576 554 98 368 934 909 909 152 994 844 472 317 146 648 721 434 493 284 634 108 283 373 872 955 440 553 708 363 13 549 729 589 103 826 956 
36 735 864 188 729 708 660 46 853 308 766 286 800 50 920 908 333 293 779 287 732 332 994 95 344 543 823 932 645 649 887 681 384 751 869 112 458 529 157 311 836 
923 597 636 972 517 543 304 809 322 591 541 653 584 635 996 127 458 927 771 107 814 452 490 565 320 601 23 848 758 333 683 680 930 319 652 446 861 956 254 182 
546 795 835 130 430 830 256 887 757 26 994 571 478 483 136 797 84 158 645 841 491 328 521 420 646 172 865 506 127 119 688 673 914 522 802 343 352 57 229 
109 83 222 679 560 705 815 357 788 972 1 629 462 328 149 882 974 321 746 480 448 865 167 120 778 689 922 120 40 978 349 148 61 571 827 621 276 641 
977 63 613 978 692 75 306 841 956 279 161 702 758 609 566 925 729 344 613 650 464 653 628 812 801 689 383 627 309 658 268 285 721 881 263 412 955 
568 252 910 847 413 612 604 21 177 529 750 521 141 400 984 793 27 796 593 715 178 220 23 836 488 308 556 368 571 968 322 138 220 232 984 632 
843 588 653 20 116 402 540 256 801 523 49 828 319 642 543 497 862 566 332 349 874 888 716 444 856 38 581 75 270 565 706 112 152 359 131 
268 761 671 524 562 194 572 389 512 214 932 8 75 497 340 424 370 227 140 813 83 178 394 157 447 958 863 558 110 221 689 377 981 359 
900 542 552 472 931 64 685 862 72 760 359 411 184 728 638 323 541 720 500 934 876 946 891 738 504 1000 959 193 377 940 551 276 482 
103 747 412 167 432 274 238 192 632 648 375 360 285 698 900 5 197 833 881 143 724 619 647 724 577 839 100 516 390 376 997 492 
123 409 658 555 682 896 746 314 543 121 674 828 818 573 833 15 406 713 158 130 331 804 853 907 643 953 423 32 329 419 524 
451 827 182 6 509 77 752 823 619 872 496 447 690 69 279 705 474 991 862 604 321 666 457 228 308 410 650 340 738 69 
863 189 895 44 194 404 120 946 226 739 817 722 185 507 790 463 211 264 454 73 867 775 739 323 2 47 732 651 386 
470 719 249 658 614 292 852 18 412 797 244 150 614 965 335 121 754 797 331 17 251 404 884 25 142 207 26 188 
938 677 574 408 396 822 65 10 114 917 27 525 714 270 675 327 234 9 447 988 806 778 5 56 182 888 80 
324 95 106 512 32 783 85 440 178 907 505 187 20 421 214 545 134 483 220 461 717 228 908 704 34 686 
709 89 867 597 169 190 691 275 701 723 57 786 162 234 692 666 421 712 87 634 257 221 117 476 681 
833 704 589 537 737 275 246 826 141 842 994 331 532 269 32 255 325 818 416 558 510 82 979 221 
168 612 478 388 729 953 69 562 657 658 98 393 932 344 218 73 185 212 404 717 480 436 971 
804 253 387 362 762 468 340 983 636 952 461 24 680 414 92 242 70 750 339 463 681 682 
681 754 867 892 157 584 372 592 554 176 845 941 538 607 408 878 590 44 830 50 67 
510 463 159 751 533 908 90 995 589 772 675 342 638 567 498 221 938 90 775 114 
934 715 651 541 123 529 130 166 358 179 232 867 642 391 618 174 298 707 168 
887 478 842 228 115 408 726 336 346 816 110 460 750 825 110 290 947 639 
419 112 996 598 344 863 240 734 480 414 32 186 581 918 664 423 146 
779 831 872 114 177 687 224 636 437 48 746 726 994 384 145 106 
380 743 449 242 982 183 722 396 214 908 977 132 571 400 278 
350 230 149 463 407 836 687 43 272 735 788 997 728 172 
142 834 551 884 283 793 866 465 515 262 679 422 238 
811 993 637 88 342 867 236 805 273 72 492 315 
343 226 103 340 954 274 481 787 824 365 69 
617 231 534 131 492 213 553 729 23 546 
365 110 887 232 346 692 504 417 183 
819 759 408 921 99 362 194 579 
148 18 944 217 635 174 751 
765 666 963 318 395 985 
863 760 95 750 991 
440 442 494 857 
624 313 616 
32 233 
714 

